-1667461331475151508
8570495489404099316
-6818978383835334664
2238736647959839689
5298710238431633865
-5602206630835641891
-4065353863956286088
-1078165786425261887
2715256813836254786
-8889975105845843682
8652648694837774625
1504816463994075455
-3058961733553578256
8525548296375440066
-4705765736988494967
6477153825918664577
-2437367995075749652
6477153831386533884
-1442165574365462912
719063770978096140
-9152822524978125842
1273571257651265973
5714179499550979869
-1450071228334509078
6729413858295794706
3900675633275604948
6299092728599126735
3372060115607246945
4557791436897536102
-2313076437390327171
33907382140717887
677539026647686701
7820789653400192148
24546921942
-7481647493091810193
-6597305393476102642
6788764879600
2350813288718201148
1485861025422764248
-8843444741085353521
-5879048178117924321
-621815178558848629
7376070147013872768
3921576174923779310
-1737675717500973062
-524547721955716126
-2629388002676118657
-6555084027796824965
-75835631402669009
-5204508371516607460
7161826615193137447
-4344958365736358672
2653924039096549477
4746947368435072584
-1315279265561856978
1961953049013683
2727100877457384030
2302550821350118755
116372122739243
2107942153580187667
7336146118481915310
